cycle | counter | shift8 (din) | lfsr
    1 |   1     | 00000001 (1)   | 0010
    2 |   2     | 00000010 (0)   | 0100
    3 |   3     | 00000101 (1)   | 1001
    4 |   4     | 00001011 (1)   | 0011
    5 |   5     | 00010110 (0)   | 0110
    6 |   6     | 00101100 (0)   | 1101
    7 |   7     | 01011001 (1)   | 1010
    8 |   8     | 10110010 (0)   | 0101
    9 |   9     | 01100101 (1)   | 1011
   10 |   9     | 11001010 (0)   | 0111
   11 |   9     | 10010101 (1)   | 1111
   12 |  10     | 00101011 (1)   | 1110
   13 |  11     | 01010110 (0)   | 1100
   14 |  12     | 10101100 (0)   | 1000
   15 |  13     | 01011001 (1)   | 0001
   16 |  14     | 10110010 (0)   | 0010
   17 |  15     | 01100101 (1)   | 0100
   18 |   0     | 11001010 (0)   | 1001
