分數（未遮罩）：
 tensor([[ 0.9800,  0.3600, -0.6200,  0.8500],
        [-1.5600, -0.1600, -1.0400,  0.3300],
        [-0.2400, -0.4500,  0.1600, -0.5900],
        [-1.8400, -0.1800, -1.7400,  0.5800]])

因果遮罩後：
 tensor([[ 0.9800,    -inf,    -inf,    -inf],
        [-1.5600, -0.1600,    -inf,    -inf],
        [-0.2400, -0.4500,  0.1600,    -inf],
        [-1.8400, -0.1800, -1.7400,  0.5800]])

softmax 權重（每一列加起來 ＝ 1）：
 tensor([[1.0000, 0.0000, 0.0000, 0.0000],
        [0.2000, 0.8000, 0.0000, 0.0000],
        [0.3000, 0.2500, 0.4500, 0.0000],
        [0.0500, 0.2800, 0.0600, 0.6100]])

輸出形狀： (1, 4, 4)   第 1 個 token 的輸出 ＝ 它自己的 v： True

多頭的形狀 (B, H, T, hd)： (1, 2, 4, 4)
